5000 -59.8
10000 584.1
15000 1640.4
20000 3959.5
25000 4221.1
30000 4139.9
35000 4219.8
40000 4730.9
45000 5057.4
50000 4142.7
55000 5043.5
60000 4942.2
65000 4703.1
70000 4693.7
75000 5088.6
80000 4958.2
85000 5082.9
90000 4975.4
95000 4878.2
100000 5315.9
105000 5292.7
110000 5034.7
115000 5193.4
120000 5310.1
125000 4971.5
130000 5325.0
135000 5425.0
140000 5310.1
145000 5343.3
150000 5323.1
155000 5086.4
160000 5376.4
165000 5372.9
170000 5354.7
175000 5387.9
180000 5413.3
185000 5451.8
190000 5553.7
195000 5387.2
200000 5441.0
205000 5555.6
210000 5511.4
215000 5497.6
220000 5478.8
225000 5530.0
230000 5545.2
235000 5495.5
240000 5458.1
245000 5507.2
250000 5288.0
255000 5537.2
260000 5525.0
265000 5553.4
270000 5587.2
275000 5546.2
280000 5502.2
285000 5634.1
290000 5527.1
295000 5529.6
300000 5580.8
305000 5547.3
310000 5592.4
315000 5499.8
320000 5541.1
325000 5579.7
330000 5604.8
335000 5619.5
340000 5566.4
345000 5572.0
350000 5573.0
355000 5601.9
360000 5643.3
365000 5631.1
370000 5611.2
375000 5614.2
380000 5653.1
385000 5621.4
390000 5574.4
395000 5637.1
400000 5579.2
405000 5669.4
410000 5673.7
415000 5671.7
420000 5634.1
425000 5609.1
430000 5671.3
435000 5614.8
440000 5607.9
445000 5689.8
450000 5678.4
455000 5608.3
460000 5651.8
465000 5232.0
470000 5656.6
475000 5698.8
480000 5595.7
485000 5630.1
490000 5687.5
495000 5584.2
500000 5616.4
505000 5585.5
510000 5732.7
515000 5695.9
520000 5641.2
525000 5671.0
530000 5737.8
535000 5653.1
540000 5696.6
545000 5586.9
550000 5677.8
555000 5663.1
560000 5673.6
565000 5643.7
570000 5664.7
575000 5691.2
580000 5699.1
585000 5706.7
590000 5633.3
595000 5686.9
600000 5672.5
605000 5667.4
610000 5360.6
615000 5677.0
620000 5652.7
625000 5652.7
630000 5674.0
635000 5669.0
640000 5651.5
645000 5699.4
650000 5669.7
655000 5669.7
660000 5690.7
665000 5647.1
670000 5683.3
675000 5734.9
680000 5705.7
685000 5668.9
690000 5696.5
695000 5613.4
700000 5708.6
705000 5651.6
710000 5666.2
715000 5714.4
720000 5682.7
725000 5661.8
730000 5666.1
735000 5657.2
740000 5629.6
745000 5656.7
750000 5693.5
755000 5700.7
760000 5677.6
765000 5676.0
770000 5675.2
775000 5705.6
780000 5701.6
785000 5678.9
790000 5645.4
795000 5695.1
800000 5729.6
805000 5726.9
810000 5756.0
815000 5735.2
820000 5694.7
825000 5725.3
830000 5675.0
835000 5709.4
840000 5688.9
845000 5706.2
850000 5676.7
855000 5693.9
860000 5642.2
865000 5691.7
870000 5704.2
875000 5718.8
880000 5716.0
885000 5699.9
890000 5716.0
895000 5629.1
900000 5740.1
905000 5700.5
910000 5722.9
915000 5699.8
920000 5664.1
925000 5731.7
930000 5682.6
935000 5698.7
940000 5744.7
945000 5705.1
950000 5668.9
955000 5744.9
960000 5725.3
965000 5691.5
970000 5713.1
975000 5684.2
980000 5659.0
985000 5676.8
990000 5622.4
995000 5649.3
1000000 5647.6
