5000 2572.8
10000 2304.4
15000 2876.4
20000 3697.7
25000 3623.8
30000 2803.4
35000 1553.7
40000 3366.8
45000 3079.0
50000 3516.2
55000 3492.4
60000 3649.3
65000 3415.9
70000 3175.8
75000 2719.7
80000 3436.4
85000 3557.6
90000 3408.4
95000 3403.8
100000 2840.4
105000 2477.3
110000 3587.8
115000 3477.8
120000 3369.5
125000 3283.2
130000 3281.6
135000 3062.3
140000 3277.0
145000 3210.5
150000 3301.6
155000 3323.3
160000 3405.3
165000 3447.6
170000 3415.1
175000 3500.8
180000 3700.9
185000 3577.7
190000 3407.3
195000 3393.2
200000 3272.9
205000 3665.0
210000 3804.1
215000 3670.0
220000 3525.4
225000 3564.8
230000 3417.3
235000 3692.7
240000 3272.6
245000 2759.3
250000 3386.8
255000 3528.7
260000 3551.2
265000 3687.2
270000 3539.8
275000 3229.5
280000 3463.9
285000 3590.3
290000 3087.8
295000 3690.0
300000 3631.2
305000 3744.7
310000 3330.6
315000 3315.0
320000 3291.0
325000 3362.8
330000 3279.7
335000 3513.3
340000 3440.3
345000 3599.4
350000 3492.3
355000 3408.9
360000 3268.0
365000 3376.6
370000 3513.8
375000 3546.1
380000 3498.5
385000 3708.6
390000 3758.2
395000 3014.6
400000 3116.7
405000 3635.9
410000 3445.4
415000 3365.9
420000 3070.6
425000 3554.0
430000 3684.1
435000 3515.5
440000 3019.8
445000 3193.3
450000 3538.1
455000 3526.2
460000 3621.0
465000 3498.6
470000 3651.6
475000 3575.4
480000 3506.1
485000 3558.5
490000 3583.8
495000 3746.9
500000 3539.8
505000 3311.8
510000 3753.0
515000 3322.1
520000 3316.4
525000 3308.9
530000 3421.5
535000 3504.5
540000 3680.4
545000 3702.5
550000 3620.7
555000 3483.5
560000 3654.0
565000 3586.6
570000 3563.6
575000 3482.2
580000 3729.8
585000 3608.1
590000 3470.8
595000 3290.0
600000 3375.9
605000 3564.6
610000 3290.3
615000 3549.9
620000 3428.1
625000 3584.6
630000 3594.5
635000 3690.2
640000 3559.4
645000 3478.4
650000 3430.7
655000 3265.3
660000 3428.9
665000 3333.9
670000 3361.2
675000 3539.9
680000 3683.6
685000 3369.3
690000 3384.9
695000 3635.6
700000 3696.6
705000 3333.3
710000 3696.2
715000 3577.0
720000 3465.2
725000 3180.4
730000 3433.2
735000 3707.1
740000 3745.2
745000 3394.1
750000 3700.6
755000 3499.6
760000 3607.9
765000 3492.7
770000 3652.4
775000 3701.0
780000 3244.7
785000 3696.0
790000 3700.0
795000 3574.4
800000 3456.7
805000 3412.6
810000 3654.9
815000 3481.0
820000 3527.0
825000 3409.0
830000 3399.9
835000 3444.2
840000 3282.4
845000 3524.0
850000 3575.5
855000 3652.3
860000 3328.6
865000 3547.2
870000 3360.1
875000 3368.3
880000 3659.2
885000 3603.2
890000 3654.0
895000 3323.9
900000 3091.8
905000 3359.8
910000 3674.3
915000 3404.0
920000 3561.1
925000 3308.5
930000 3594.6
935000 3631.9
940000 3533.6
945000 3453.9
950000 3526.4
955000 3416.1
960000 3567.7
965000 3575.4
970000 3485.1
975000 3276.3
980000 3668.7
985000 3314.5
990000 3635.4
995000 3246.3
1000000 3200.3
